# Camera parameters for prosilica Cameras, Estimated on 02-May-2017.

camera111_H
558.492245	0.000000	463.750353
0.000000	559.071503	271.476868
0.000000	0.000000	1.000000
-0.163609
0.092686
1.000000	0.000000	0.000000	0.000000
0.000000	1.000000	0.000000	0.000000
0.000000	0.000000	1.000000	0.000000


camera113_H
557.891596	0.000000	475.316620
0.000000	558.732049	270.622940
0.000000	0.000000	1.000000
-0.162695
0.091746
0.999783	0.000019	0.020816	-58.224629
0.000109	0.999981	-0.006190	-0.765271
-0.020816	0.006191	0.999764	-0.244180


