# Camera parameters for prosilica Cameras, Estimated on 11-Mar-2017.

camera111_H
559.194747	0.000000	471.760873
0.000000	558.218384	268.028488
0.000000	0.000000	1.000000
-0.162432
0.091183
1.000000	0.000000	0.000000	0.000000
0.000000	1.000000	0.000000	0.000000
0.000000	0.000000	1.000000	0.000000


camera113_H
557.578764	0.000000	472.546489
0.000000	555.809832	259.584457
0.000000	0.000000	1.000000
-0.163203
0.094280
0.999935	0.010965	0.003111	-94.240206
-0.010993	0.999898	0.009107	1.372651
-0.003010	-0.009141	0.999954	5.338702


