1212.763 1258.115 1108.814 51.970 130.230 113.008
1212.763 1258.115 1108.814 51.970 130.230 113.008
1212.763 1258.115 1108.814 51.970 130.230 113.008
1212.763 1258.115 1108.814 51.970 130.230 113.008

1171.111 1296.961 1108.765 53.838 130.234 113.009
1171.111 1296.961 1108.765 53.838 130.234 113.009
1171.111 1296.961 1108.765 53.838 130.234 113.009
1171.111 1296.961 1108.765 53.838 130.234 113.009

1152.489 1290.787 1092.729 59.372 137.523 116.853
1152.489 1290.787 1092.729 59.372 137.523 116.853
1152.489 1290.787 1092.729 59.372 137.523 116.853
1152.489 1290.787 1092.729 59.372 137.523 116.853

1134.795 1283.486 1080.693 65.753 143.739 121.799
1134.795 1283.486 1080.693 65.753 143.739 121.799
1134.795 1283.486 1080.693 65.753 143.739 121.799
1134.795 1283.486 1080.693 65.753 143.739 121.799


