1963.370 -1381.642 898.949 19.611 110.392 3.158
2139.669 -1088.839 898.924 27.775 110.392 3.159
1999.358 -1422.386 593.909 -20.418 114.959 -12.005
1855.277 -1301.006 597.831 -47.447 118.383 7.152
1873.134 -1444.215 539.327 -29.207 109.520 32.367
1664.698 -1574.885 418.620 -45.182 116.446 27.783
1721.682 -1615.142 612.783 -43.820 108.755 6.625
1429.939 -1504.572 499.325 -55.175 120.837 43.844
1016.596 -1737.278 231.631 -70.274 129.790 40.102
1015.149 -1698.499 128.126 -70.823 132.784 46.499








