1972.456 -1017.043 753.244 -19.494 119.656 21.768
1615.824 -1521.209 753.248 -35.489 119.656 21.768
1694.787 -1504.806 610.338 -33.964 121.080 21.782
2060.996  -942.859 610.304 -16.945 121.081 21.782
2127.226  -963.678 563.697 -16.966 116.649 21.738
1788.997 -1501.080 563.660 -32.593 116.650 21.738
1713.000 -1436.405 269.319 -33.232 122.238 49.038
1975.687 -1245.997 422.164 -24.856 122.237 11.218
1992.391 -1253.924 559.744 -24.877 118.150 11.175
2176.567 -959.353 608.821 -16.867 118.152 -0.358
2205.528 -992.271 524.503 12.592 119.558 17.289