1207.477 -1535.624 1368.316 -52.142 119.147 22.651
1277.269 -1624.296 887.693 -52.232 136.127 22.504
1705.629 -1173.526 843.326 -42.973 136.741 5.117
1705.620 -1173.536 843.272 -42.977 136.743 -13.322
1705.977 -1173.761 664.509 -44.177 142.784 -14.888
1503.778 -1423.469 664.293 -34.191 142.878 23.945
1386.842 -1537.657 602.681 -39.198 143.312 23.758
1411.964 -1509.620 609.180 -19.716 139.884 60.883
1431.485 -1531.617 606.866 -21.755 136.403 58.148
1294.754 -1648.827 606.842 -26.678 136.403 58.149
1229.017 -1590.687 545.553 -33.028 143.501 43.972 
1143.128 -1516.826 464.565 -46.889 144.797 44.402
1057.186 -1578.805 465.184 -49.448 144.449 49.485
 981.091 -1627.175 465.196 -52.170 144.448 49.483
1042.540 -1614.479 626.141 -51.291 138.391 48.347
1219.551 -1504.386 640.287 -52.566 131.826 42.707
1107.319 -1407.522 618.910 -63.222 127.380 28.420
1108.616 -1397.362 608.796 -60.708 131.686 58.227
1130.112 -1253.362 535.608 -60.843 118.000 43.132
1173.636 -1283.687 584.092 -57.393 123.998 45.974

